0000001111000001111111100000011000011101001000000000000000000000000
0000001100001000000000000000000001100000000000000000000000000000000
0000111100001110000000111111011001111001001000000000000000000000000
0000110000111000000000000000000001100000000000000000000000001101100
1111001111000001111100000001011000000111000000000000011000000000000
0000011011010110111100100000011001100000000000000000000001010100101
0000001111000111111111100000011000011101000000000000000000000000000
0000001100001000000000000000000001100000000000000000000000000000000
0000110000111000000000011110000001100001000000000000000000000000000
0000110000111000000000000110000001100000000000000000000000101101101
1111001100000001111100000000011000000111000000000000011000000000000
0000010111011110111100100000000001100000000000000000000000010100101
