00000000110000011111111000000110000111010010000000000000000000000001
00000000000010000000000000000000011000000000000000000000000000000002
00001100000011100000001111110110011110010010000000000000000000000003
00001111001110000000000000000000011000000000000000000000000011011004
11110000110000011111000000010110000001110000000000000110000000000005
00000101110101101111001000000110011000000000000000000000010101001016
00000000110001111111111000000110000111010000000000000000000000000001
00000000000010000000000000000000011000000000000000000000000000000002
00001111001110000000000111100000011000010000000000000000000000000003
00001111001110000000000001100000011000000000000000000000001011011014
11110000000000011111000000000110000001110000000000000110000000000005
00000101110111101111001000000110011000000000000000000000000101001016
00000000110001111111111000000110000111010000000000000000000000000001
00000000000010000000000000000000011000000000000000000000000000000002
00001100000010000000000111110000011000010000000000000000011100100003
00000011001110000000000110000000011000000000000000000000000011011004
11110000000000011111000000000110000001110010000000000110000000000005
00000001010111101111001000000010011000010000000000000000000101001016
00000000110001111111111000000110000111010000000000000000000000000001
00000000000010000000000000000000010000000000000000000000000000000002
00000000000010000000000000000000011110000000000000000000000000000003
00001111001110000000000000000000011000000000000000000000000011011004
11110001000000010011000000000110000001110000000000000110001100000005
00000100010111100101001000000010011001010000000000000000000101001016
00000000110000011111111000000110000111010000000000000000001100000001
00000000000010000000000000000000011000000010000000000000000000000002
00000011001110000000000111100000011110000010000000000000011100100003
00000011001110000000000110000000011000000010000000000000000011011004
11110000000000010011000000000110000001110010000000000000000000000005
00000101000111100101001000010010011000010010000000000000010101101016
00000000110001111111111000000110000111010000000000000000000000000001
00000000000010000000000000000000011000000000000000000000000000000002
00000000000010000000001111100110011110010000000000000000000000000003
00000011001110000000000000000000011000000000000000000000000011011004
11110000000000010011000000000110000001110010000000000110000000000005
00000101010111100111001000000010011000010010000000000000000001001016
00000000110001111111111000000110000111010000000000000000000000000001
00000000000010000000000000000000011000000000000000000000000000000002
00000000000010000000001110000000011110010000000000000000000000000003
00000011001110000000000000000000011000000000000000000000000011011004
11110000000000010011000000000110000001110000000000000000001100000005
00000101000111100101001000000010011000010000000000000000000101001016
00000000110000011111111000000110000111010000000000000000000000000001
00000000000010000000000000000000011000000000000000000000000000000002
00000000000010000000000111110000011110010000000000000000000000000003
00000011001110000000000000000000011000000000000000000000000011011004
11110000000000010011000000000110000001110000000000000110000000000005
10100101000111100101001000010010011000010000000000000000000101001016
00000000110000011111111000000110000111010000000000000000000000000001
00000000000010000000000000000000011000000000000000000000000000000002
00001100000010000000000111100000011110010000000000000000011100100003
00000011001110000000000110000000011000000000000000000000000011011004
11110000000000010011000000000110000001110010000000000110000000000005
10100101000111100001000110000010011000010010000000000110010101101016
00000000110000011111111000000110000111010000000000000000000000000001
00000000000010000000000000000000011000000000000000000000000000000002
00000000000010000000001111100110011110010010000000000000000000000003
00000011001110000000000110000000011000010000000000000000000011011004
11110000000000010011000000000110000001100010000000000110000000000005
10100101010111100101001110000010011000010010000000000000000101001016
00000000110000011111111000000110000111010000000000000000000000000001
00000000000010000000000000000000011000000000000000000000000000000002
00000000000010000000001111110000011110010010000000000000000000000003
00000011001110000000000110000000011000010000000000000000000011011004
11110000000000010011000000000110000001110000000000000110000000000005
00000001010111100101001110010010011000010010000000000000000001001016
00000000110000011111111000000110000111010000000000000000000000000001
00000000000010000000000000000000011000000000000000000000000000000002
00000011000010000000001111110110011110010000000000000000000000000003
00000011001110000000000000000000011000000000000000000000000011011004
11110000000000010011000000000110000001110000000000000110000000000005
00000101010111100111001000010010010000010000000000000000010101101016
00000000110000011111111000000110000111010000000000000000000000000001
00000000000010000000000000000000011000000000000000000000000000000002
00000000000010000000001111110110011110010000000000000000000000000003
00000011001110000000000000000000011000000000000000000000000011011004
11110000000000011111000000000110000001110000000000000000001100000005
00000101000111100101001000000000011000010000000000000000000101001016
00000000110000011111110000000110000111010000000000000000000000000001
00000000000010000000000000000000011000000000000000000000000000000002
00000000000010000000000111110110011110010000000000000000000000000003
00000011001110000000000000000000011000000000000000000000000011011004
11110000000000010011000000000110000001110000000000000000000000000005
10100001000110000101000000000000011000010000000000000000000101001016
00000000110001111111111000000110000111010010000000000000000000000001
00000000000010000000000000000000011000000010000000000000000000000002
00000000000010000000000000010110011110010000000000000000000000000003
00000011001110000000000000000000011000000010000000000000000001011004
11110000110000011111000000000110000001110000000000000110000100000005
00000101010111101101001000010110011000010010000000000000011101101016